10,159
10,29
10,67
10,301
10,215
10,193
10,107
10,69
11,17
9,5
9,2
9,3
8,5
8,14
8,15
8,7
8,10
20,3
20,2
20,1
19,3
19,2
19,1
12,3
12,2
12,1
11,28
11,27
11,26
11,25
11,24
11,23
11,22
11,21
11,20
11,19
11,18
11,16
11,15
11,14
11,13
11,12
11,11
11,10
11,9
11,8
11,6
11,5
11,4
11,3
11,2
11,1
18,1
10,302
18,3
10,298
10,289
10,284
14,1
14,3
10,269
13,1
10,267
10,263
10,262
13,3
10,259
10,258
10,254
10,244
10,224
10,223
10,216
10,212
10,210
10,209
10,206
10,204
10,202
10,199
10,197
10,195
10,192
10,187
10,186
10,184
10,182
10,178
10,175
